#n=14
#M=665
#norm=21.48914670903359
6.500000000000000000e+01 2.148914670903359081e+01
8.400000000000000000e+01 2.036131802163973958e+01
1.090000000000000000e+02 1.934590836223519972e+01
1.400000000000000000e+02 1.848586326678933034e+01
1.810000000000000000e+02 1.770859190249966630e+01
2.340000000000000000e+02 1.702521351580987385e+01
3.020000000000000000e+02 1.642803880626309621e+01
3.900000000000000000e+02 1.594625921054385209e+01
5.030000000000000000e+02 1.539771468402233268e+01
6.490000000000000000e+02 1.484894312769193192e+01
8.380000000000000000e+02 1.443979331035449754e+01
1.082000000000000000e+03 1.416340165634935389e+01
1.398000000000000000e+03 1.394381527012246735e+01
1.804000000000000000e+03 1.376174167438329121e+01
2.330000000000000000e+03 1.360606737557198365e+01
3.008000000000000000e+03 1.347215037574560981e+01
3.884000000000000000e+03 1.335587185130977339e+01
5.015000000000000000e+03 1.325456725007501291e+01
6.474000000000000000e+03 1.316612026332419561e+01
8.359000000000000000e+03 1.301831370938775834e+01
1.079300000000000000e+04 1.296309428802451791e+01
1.393500000000000000e+04 1.295481219478731916e+01
1.799200000000000000e+04 1.295063567956839812e+01
2.323000000000000000e+04 1.294793268475526382e+01
2.999400000000000000e+04 1.294597377442545039e+01
3.872600000000000000e+04 1.294446240070771381e+01
5.000000000000000000e+04 1.294324986829244395e+01
