#n=14
#M=1085
#norm=71.99640866710324
6.500000000000000000e+01 7.199640866710323905e+01
8.400000000000000000e+01 6.705995042890396007e+01
1.090000000000000000e+02 6.095694720860019800e+01
1.400000000000000000e+02 5.565709745931708596e+01
1.810000000000000000e+02 5.091393620473235160e+01
2.340000000000000000e+02 4.675549606728031904e+01
3.020000000000000000e+02 4.307023322887443584e+01
3.900000000000000000e+02 3.985220616452100728e+01
5.030000000000000000e+02 3.705147059662926523e+01
6.490000000000000000e+02 3.457967845189659784e+01
8.380000000000000000e+02 3.236086409523566232e+01
1.082000000000000000e+03 3.004611798874635653e+01
1.398000000000000000e+03 2.811108160768610986e+01
1.804000000000000000e+03 2.656804998069552681e+01
2.330000000000000000e+03 2.519371692715046507e+01
3.008000000000000000e+03 2.357562145967700218e+01
3.884000000000000000e+03 2.256059958559381329e+01
5.015000000000000000e+03 2.168861507315892823e+01
6.474000000000000000e+03 2.095140076909662952e+01
8.359000000000000000e+03 2.038758467322247725e+01
1.079300000000000000e+04 1.992227985651636857e+01
1.393500000000000000e+04 1.952852375854610045e+01
1.799200000000000000e+04 1.919060830689296182e+01
2.323000000000000000e+04 1.889831353809753622e+01
2.999400000000000000e+04 1.864410949298110509e+01
3.872600000000000000e+04 1.842237481472768934e+01
5.000000000000000000e+04 1.822848552723868920e+01
