#n=8
#M=184
#norm=11.46069711690404
6.500000000000000000e+01 1.146069711690403992e+01
8.300000000000000000e+01 1.053450225249670069e+01
1.050000000000000000e+02 9.737965971820855771e+00
1.340000000000000000e+02 9.004965976267282457e+00
1.700000000000000000e+02 8.370946747197614002e+00
2.160000000000000000e+02 7.804660258086182800e+00
2.740000000000000000e+02 7.305499219689339796e+00
3.490000000000000000e+02 6.855130141127327548e+00
4.430000000000000000e+02 6.461428046953963111e+00
5.630000000000000000e+02 6.110311711891109887e+00
7.160000000000000000e+02 5.798009721302795683e+00
9.100000000000000000e+02 5.501938045455914583e+00
1.156000000000000000e+03 5.253780862679690244e+00
1.469000000000000000e+03 5.075497520171840193e+00
1.867000000000000000e+03 4.945435593058006951e+00
2.373000000000000000e+03 4.893156156478381646e+00
3.016000000000000000e+03 4.884334787342377027e+00
3.833000000000000000e+03 4.879942468713282189e+00
4.872000000000000000e+03 4.877142695528310590e+00
6.191000000000000000e+03 4.875143516357827167e+00
7.868000000000000000e+03 4.873616159800538306e+00
1.000000000000000000e+04 4.872399741635953241e+00
