#n=16
#M=3608
#norm=66.9705801116442
6.500000000000000000e+01 6.697058011164419611e+01
8.400000000000000000e+01 6.350184617809451737e+01
1.090000000000000000e+02 5.868058593676099122e+01
1.400000000000000000e+02 5.402941805517715324e+01
1.810000000000000000e+02 5.005483456921216145e+01
2.340000000000000000e+02 4.653206552633327675e+01
3.020000000000000000e+02 4.348344602080744892e+01
3.900000000000000000e+02 4.076581209963506325e+01
5.030000000000000000e+02 3.877757751540026732e+01
6.490000000000000000e+02 3.709754880070317995e+01
8.380000000000000000e+02 3.563248912257453327e+01
1.082000000000000000e+03 3.433512214982044952e+01
1.398000000000000000e+03 3.215885665480394096e+01
1.804000000000000000e+03 3.096755064117307654e+01
2.330000000000000000e+03 2.999263346010405229e+01
3.008000000000000000e+03 2.933967629806004851e+01
3.884000000000000000e+03 2.879829378621949942e+01
5.015000000000000000e+03 2.833421831952909287e+01
6.474000000000000000e+03 2.793286793405399493e+01
8.359000000000000000e+03 2.758342865614245909e+01
1.079300000000000000e+04 2.727841271780963694e+01
1.393500000000000000e+04 2.701165391994055653e+01
1.799200000000000000e+04 2.677792568912236604e+01
2.323000000000000000e+04 2.657292920982374795e+01
2.999400000000000000e+04 2.639295691564919011e+01
3.872600000000000000e+04 2.623490350973713703e+01
5.000000000000000000e+04 2.609601420284530704e+01
