#n=4
#M=14
#norm=1.8944931492176535
6.500000000000000000e+01 1.894493149217653549e+00
8.400000000000000000e+01 1.689683741929592697e+00
1.090000000000000000e+02 1.680782469305264204e+00
1.400000000000000000e+02 1.680782469305264204e+00
1.810000000000000000e+02 1.672803908948527152e+00
2.340000000000000000e+02 1.665452905168530062e+00
3.020000000000000000e+02 1.660328536829814627e+00
3.900000000000000000e+02 1.656450396718762264e+00
5.030000000000000000e+02 1.653403161590489390e+00
6.490000000000000000e+02 1.650919595049462618e+00
8.380000000000000000e+02 1.648851574048048718e+00
1.082000000000000000e+03 1.647109826580163805e+00
1.398000000000000000e+03 1.645623136096929784e+00
1.804000000000000000e+03 1.644353534502379866e+00
2.330000000000000000e+03 1.643253436501448395e+00
3.008000000000000000e+03 1.642301117127015431e+00
3.884000000000000000e+03 1.641471782128711254e+00
5.015000000000000000e+03 1.640748286808201950e+00
6.474000000000000000e+03 1.640116289373475755e+00
8.359000000000000000e+03 1.639562525229947720e+00
1.079300000000000000e+04 1.639077089079499228e+00
1.393500000000000000e+04 1.638651273966261979e+00
1.799200000000000000e+04 1.638277390081304574e+00
2.323000000000000000e+04 1.637948959267014892e+00
2.999400000000000000e+04 1.637660290935117668e+00
3.872600000000000000e+04 1.637406563480238386e+00
5.000000000000000000e+04 1.637183457660832619e+00
