#n=26
#M=9203
#norm=88.32476668763464
6.500000000000000000e+01 8.832476668763463579e+01
8.300000000000000000e+01 8.241648772393622835e+01
1.050000000000000000e+02 7.733531233440187691e+01
1.340000000000000000e+02 7.265944052756412930e+01
1.700000000000000000e+02 6.861497578515854912e+01
2.160000000000000000e+02 6.500258418203233646e+01
2.740000000000000000e+02 6.181839176638438715e+01
3.490000000000000000e+02 5.894544757826167825e+01
4.430000000000000000e+02 5.643398709585343198e+01
5.630000000000000000e+02 5.419418493760007749e+01
7.160000000000000000e+02 5.220198291595015405e+01
9.100000000000000000e+02 5.043981184287564901e+01
1.156000000000000000e+03 4.887971698671399423e+01
1.469000000000000000e+03 4.764636809626669844e+01
1.867000000000000000e+03 4.671861987905460012e+01
2.373000000000000000e+03 4.612306162789140274e+01
3.016000000000000000e+03 4.555287636859642930e+01
3.833000000000000000e+03 4.501057604202252804e+01
4.872000000000000000e+03 4.435389019556949819e+01
6.191000000000000000e+03 4.421528588956448402e+01
7.868000000000000000e+03 4.413156123101542505e+01
1.000000000000000000e+04 4.406951363220294837e+01
