#n=12
#M=630
#norm=12.350974532255295
6.500000000000000000e+01 1.235097453225529485e+01
8.400000000000000000e+01 1.117865700343479674e+01
1.090000000000000000e+02 1.042370435390192895e+01
1.400000000000000000e+02 9.844189190854116589e+00
1.810000000000000000e+02 9.313544524830572158e+00
2.340000000000000000e+02 8.845857128476220410e+00
3.020000000000000000e+02 8.560310028500378365e+00
3.900000000000000000e+02 8.361253841803042874e+00
5.030000000000000000e+02 8.188923420875628523e+00
6.490000000000000000e+02 8.038225513827573110e+00
8.380000000000000000e+02 7.905727844814309790e+00
1.082000000000000000e+03 7.789412400450760110e+00
1.398000000000000000e+03 7.686945183405006432e+00
1.804000000000000000e+03 7.509704725580656159e+00
2.330000000000000000e+03 7.327435372460498364e+00
3.008000000000000000e+03 7.252790668457445022e+00
3.884000000000000000e+03 7.207438056069064736e+00
5.015000000000000000e+03 7.175700664177347754e+00
6.474000000000000000e+03 7.151762314463427472e+00
8.359000000000000000e+03 7.132830217297725817e+00
1.079300000000000000e+04 7.117413345544886916e+00
1.393500000000000000e+04 7.104601415229095274e+00
1.799200000000000000e+04 7.093795063319971561e+00
2.323000000000000000e+04 7.084584676155882832e+00
2.999400000000000000e+04 7.076672181424318531e+00
3.872600000000000000e+04 7.069837255030801515e+00
5.000000000000000000e+04 7.063906491764709195e+00
