#n=14
#M=1085
#norm=71.99640866710325
6.500000000000000000e+01 7.199640866710325326e+01
8.400000000000000000e+01 6.773401957614974833e+01
1.090000000000000000e+02 6.139602294171039887e+01
1.400000000000000000e+02 5.588449998600143687e+01
1.810000000000000000e+02 5.097770182638392100e+01
2.340000000000000000e+02 4.677621254187344135e+01
3.020000000000000000e+02 4.312860588799854611e+01
3.900000000000000000e+02 3.985985266572942720e+01
5.030000000000000000e+02 3.702728634530909346e+01
6.490000000000000000e+02 3.453903239667116054e+01
8.380000000000000000e+02 3.234239426271048501e+01
1.082000000000000000e+03 3.041355283925646802e+01
1.398000000000000000e+03 2.858297184812355596e+01
1.804000000000000000e+03 2.692516730908845091e+01
2.330000000000000000e+03 2.546304931394072923e+01
3.008000000000000000e+03 2.406443147828586149e+01
3.884000000000000000e+03 2.293373321138228249e+01
5.015000000000000000e+03 2.224279207609525955e+01
6.474000000000000000e+03 2.180769447880061307e+01
8.359000000000000000e+03 2.138905572972637970e+01
1.079300000000000000e+04 2.101515472432524945e+01
1.393500000000000000e+04 2.070630144243759929e+01
1.799200000000000000e+04 2.043821598098269021e+01
2.323000000000000000e+04 2.021506721074445068e+01
2.999400000000000000e+04 2.002235502201634887e+01
3.872600000000000000e+04 1.984745276146181325e+01
5.000000000000000000e+04 1.967014111055180337e+01
