#n=22
#M=8757
#norm=43.05759234573824
6.500000000000000000e+01 4.305759234573824301e+01
8.300000000000000000e+01 3.995374881308055137e+01
1.050000000000000000e+02 3.728441422884600343e+01
1.340000000000000000e+02 3.482800102351811233e+01
1.700000000000000000e+02 3.270328995098614655e+01
2.160000000000000000e+02 3.080556332303227407e+01
2.740000000000000000e+02 2.913278600551375064e+01
3.490000000000000000e+02 2.762351921347837802e+01
4.430000000000000000e+02 2.630415355323395232e+01
5.630000000000000000e+02 2.520421547026782605e+01
7.160000000000000000e+02 2.435380645590896265e+01
9.100000000000000000e+02 2.387555613427727508e+01
1.156000000000000000e+03 2.325915727299730662e+01
1.469000000000000000e+03 2.271170441282072261e+01
1.867000000000000000e+03 2.227043530468909083e+01
2.373000000000000000e+03 2.189618952060553170e+01
3.016000000000000000e+03 2.142261458400350804e+01
3.833000000000000000e+03 2.112981735766681979e+01
4.872000000000000000e+03 2.093664851573794650e+01
6.191000000000000000e+03 2.078969744230460037e+01
7.868000000000000000e+03 2.067104885115768553e+01
1.000000000000000000e+04 2.057224572097869597e+01
