#n=4
#M=14
#norm=1.8944931492176535
6.500000000000000000e+01 1.894493149217653549e+00
8.400000000000000000e+01 1.689683741929592697e+00
1.090000000000000000e+02 1.656032889529867713e+00
1.400000000000000000e+02 1.634045400198067322e+00
1.810000000000000000e+02 1.582253572126258279e+00
2.340000000000000000e+02 1.535369613919192355e+00
3.020000000000000000e+02 1.499595118616021683e+00
3.900000000000000000e+02 1.470604676161314961e+00
5.030000000000000000e+02 1.446611021783042350e+00
6.490000000000000000e+02 1.426266963550864242e+00
8.380000000000000000e+02 1.408805443936075319e+00
1.082000000000000000e+03 1.393752520017931928e+00
1.398000000000000000e+03 1.380671885502632534e+00
1.804000000000000000e+03 1.369346556484785316e+00
2.330000000000000000e+03 1.359428782420125881e+00
3.008000000000000000e+03 1.350772770925593447e+00
3.884000000000000000e+03 1.343186886025860671e+00
5.015000000000000000e+03 1.336536748244943729e+00
6.474000000000000000e+03 1.330705689136352010e+00
8.359000000000000000e+03 1.325581523903976322e+00
1.079300000000000000e+04 1.321079472844983727e+00
1.393500000000000000e+04 1.317123460100203758e+00
1.799200000000000000e+04 1.313645214565916097e+00
2.323000000000000000e+04 1.310586621421530262e+00
2.999400000000000000e+04 1.307896147970243339e+00
3.872600000000000000e+04 1.305529850260910729e+00
5.000000000000000000e+04 1.303448123673479175e+00
