#n=22
#M=8757
#norm=42.735587765520606
6.500000000000000000e+01 4.273558776552060579e+01
8.300000000000000000e+01 3.963174423286291415e+01
1.050000000000000000e+02 3.696240964862837330e+01
1.340000000000000000e+02 3.450599644330047511e+01
1.700000000000000000e+02 3.238128537076851643e+01
2.160000000000000000e+02 3.048355874281462974e+01
2.740000000000000000e+02 2.881078142529610631e+01
3.490000000000000000e+02 2.730151463326073014e+01
4.430000000000000000e+02 2.598214897301630799e+01
5.630000000000000000e+02 2.489946921979709060e+01
7.160000000000000000e+02 2.404700511077587421e+01
9.100000000000000000e+02 2.353133001290437676e+01
1.156000000000000000e+03 2.320205274575055299e+01
1.469000000000000000e+03 2.300268277099392478e+01
1.867000000000000000e+03 2.284367471770256941e+01
2.373000000000000000e+03 2.270789873491922606e+01
3.016000000000000000e+03 2.257238136650280325e+01
3.833000000000000000e+03 2.247329999749738860e+01
4.872000000000000000e+03 2.240047924024622006e+01
6.191000000000000000e+03 2.234211408633084162e+01
7.868000000000000000e+03 2.229338633829166838e+01
1.000000000000000000e+04 2.225185606212911793e+01
