#n=16
#M=3608
#norm=67.83208439729223
6.500000000000000000e+01 6.783208439729223471e+01
8.400000000000000000e+01 6.415239295737433167e+01
1.090000000000000000e+02 5.891237833356755971e+01
1.400000000000000000e+02 5.459023493642768443e+01
1.810000000000000000e+02 5.058620274439688558e+01
2.340000000000000000e+02 4.713475692416160712e+01
3.020000000000000000e+02 4.410019241926646316e+01
3.900000000000000000e+02 4.156308614523393885e+01
5.030000000000000000e+02 3.960342936922997126e+01
6.490000000000000000e+02 3.785334154341046542e+01
8.380000000000000000e+02 3.630301726420729125e+01
1.082000000000000000e+03 3.472836738930083555e+01
1.398000000000000000e+03 3.321428427761451729e+01
1.804000000000000000e+03 3.220394145780099393e+01
2.330000000000000000e+03 3.114692614929161607e+01
3.008000000000000000e+03 3.047686741108146080e+01
3.884000000000000000e+03 2.992395240144789881e+01
5.015000000000000000e+03 2.944893681227753390e+01
6.474000000000000000e+03 2.903743287272177298e+01
8.359000000000000000e+03 2.867873463746076368e+01
1.079300000000000000e+04 2.836537990087400374e+01
1.393500000000000000e+04 2.809116724336686133e+01
1.799200000000000000e+04 2.785080530804926724e+01
2.323000000000000000e+04 2.763992396209076929e+01
2.999400000000000000e+04 2.745474147775175666e+01
3.872600000000000000e+04 2.729208353013773802e+01
5.000000000000000000e+04 2.714912873642741076e+01
