#n=14
#M=665
#norm=21.489146709033612
6.500000000000000000e+01 2.148914670903361213e+01
8.400000000000000000e+01 2.023601100298613176e+01
1.090000000000000000e+02 1.910815429233102236e+01
1.400000000000000000e+02 1.815373092420260903e+01
1.810000000000000000e+02 1.729102695477941154e+01
2.340000000000000000e+02 1.653245826684452169e+01
3.020000000000000000e+02 1.586953268845223342e+01
3.900000000000000000e+02 1.532588215816412713e+01
5.030000000000000000e+02 1.499046488915365316e+01
6.490000000000000000e+02 1.469591935834283447e+01
8.380000000000000000e+02 1.443797508885202951e+01
1.082000000000000000e+03 1.421167911556632468e+01
1.398000000000000000e+03 1.401232483126515227e+01
1.804000000000000000e+03 1.383790686999200048e+01
2.330000000000000000e+03 1.368394240912463999e+01
3.008000000000000000e+03 1.354874233073541134e+01
3.884000000000000000e+03 1.342970138515322809e+01
5.015000000000000000e+03 1.332496912368863029e+01
6.474000000000000000e+03 1.323288255179724793e+01
8.359000000000000000e+03 1.252860236429561525e+01
1.079300000000000000e+04 1.212639986677090320e+01
1.393500000000000000e+04 1.205963033650617255e+01
1.799200000000000000e+04 1.202623158386806779e+01
2.323000000000000000e+04 1.200490153716886255e+01
2.999400000000000000e+04 1.198963554625513694e+01
3.872600000000000000e+04 1.197798171265735689e+01
5.000000000000000000e+04 1.196871281915314711e+01
