#n=22
#M=8757
#norm=42.91535907432023
6.500000000000000000e+01 4.291535907432022867e+01
8.300000000000000000e+01 3.981151554166253703e+01
1.050000000000000000e+02 3.714218095742799619e+01
1.340000000000000000e+02 3.468576775210009799e+01
1.700000000000000000e+02 3.256105667956813932e+01
2.160000000000000000e+02 3.066333005161425618e+01
2.740000000000000000e+02 2.899055273409572919e+01
3.490000000000000000e+02 2.748128594206035658e+01
4.430000000000000000e+02 2.616192028181593088e+01
5.630000000000000000e+02 2.510227363355013708e+01
7.160000000000000000e+02 2.428048739647861964e+01
9.100000000000000000e+02 2.379620380019778025e+01
1.156000000000000000e+03 2.341717458183421030e+01
1.469000000000000000e+03 2.315694351121531369e+01
1.867000000000000000e+03 2.295115815432819772e+01
2.373000000000000000e+03 2.277609459455827690e+01
3.016000000000000000e+03 2.232779359597041235e+01
3.833000000000000000e+03 2.197172339905844751e+01
4.872000000000000000e+03 2.175261311401506248e+01
6.191000000000000000e+03 2.159620833061143941e+01
7.868000000000000000e+03 2.147589112909716391e+01
1.000000000000000000e+04 2.137928711427118600e+01
