#n=26
#M=12731
#norm=159.29701918086883
6.500000000000000000e+01 1.592970191808688298e+02
8.300000000000000000e+01 1.538387173663188605e+02
1.050000000000000000e+02 1.463470444900646612e+02
1.340000000000000000e+02 1.388361461445820453e+02
1.700000000000000000e+02 1.327258620116140833e+02
2.160000000000000000e+02 1.271048827022535761e+02
2.740000000000000000e+02 1.221117235942726893e+02
3.490000000000000000e+02 1.179056372074812344e+02
4.430000000000000000e+02 1.142037843743349157e+02
5.630000000000000000e+02 1.108817346305157798e+02
7.160000000000000000e+02 1.079616128416634240e+02
9.100000000000000000e+02 1.052524112456801646e+02
1.156000000000000000e+03 1.030829617978189816e+02
1.469000000000000000e+03 1.004643693571799190e+02
1.867000000000000000e+03 9.823502837879740923e+01
2.373000000000000000e+03 9.655628075675770106e+01
3.016000000000000000e+03 9.493151580877064077e+01
3.833000000000000000e+03 9.371984870514717159e+01
4.872000000000000000e+03 9.270477388880738090e+01
6.191000000000000000e+03 9.183727406184829078e+01
7.868000000000000000e+03 9.108633645958052227e+01
1.000000000000000000e+04 9.043191829481992272e+01
