#n=12
#M=630
#norm=12.350974532255838
6.500000000000000000e+01 1.235097453225583841e+01
8.400000000000000000e+01 1.117865700343534030e+01
1.090000000000000000e+02 1.043465600015391459e+01
1.400000000000000000e+02 9.866547520945148975e+00
1.810000000000000000e+02 9.350201081838221739e+00
2.340000000000000000e+02 8.895707902762197250e+00
3.020000000000000000e+02 8.586455686350078054e+00
3.900000000000000000e+02 8.354280003799921417e+00
5.030000000000000000e+02 8.164671008874398339e+00
6.490000000000000000e+02 8.004631118913369647e+00
8.380000000000000000e+02 7.866628677166429995e+00
1.082000000000000000e+03 7.746926305973243387e+00
1.398000000000000000e+03 7.642308119993201920e+00
1.804000000000000000e+03 7.560246405472677012e+00
2.330000000000000000e+03 7.537379061228113741e+00
3.008000000000000000e+03 7.531830321424761721e+00
3.884000000000000000e+03 7.528846307774086810e+00
5.015000000000000000e+03 7.526863036699683818e+00
6.474000000000000000e+03 7.525406329923221449e+00
8.359000000000000000e+03 7.524271745073200179e+00
1.079300000000000000e+04 7.523356536034071951e+00
1.393500000000000000e+04 7.522600653329657661e+00
1.799200000000000000e+04 7.521965763684491435e+00
2.323000000000000000e+04 7.521426222401611739e+00
2.999400000000000000e+04 7.520963681135109269e+00
3.872600000000000000e+04 7.520564740033929496e+00
5.000000000000000000e+04 7.520218962340683433e+00
