#n=30
#M=52805
#norm=210.60364149819407
6.500000000000000000e+01 2.106036414981940652e+02
8.300000000000000000e+01 2.006654257964818555e+02
1.050000000000000000e+02 1.921184669697758522e+02
1.340000000000000000e+02 1.842532624160593286e+02
1.700000000000000000e+02 1.774501369619362663e+02
2.160000000000000000e+02 1.713737943972904532e+02
2.740000000000000000e+02 1.660177184135904156e+02
3.490000000000000000e+02 1.611851877873332057e+02
4.430000000000000000e+02 1.569607027632077632e+02
5.630000000000000000e+02 1.534522105559723570e+02
7.160000000000000000e+02 1.503812147345564938e+02
9.100000000000000000e+02 1.475611230100999762e+02
1.156000000000000000e+03 1.450139983263042041e+02
1.469000000000000000e+03 1.427868675124880440e+02
1.867000000000000000e+03 1.407972320080681072e+02
2.373000000000000000e+03 1.390281345124654990e+02
3.016000000000000000e+03 1.375664057865412246e+02
3.833000000000000000e+03 1.364264117452222251e+02
4.872000000000000000e+03 1.355036446208508494e+02
6.191000000000000000e+03 1.347093500268831292e+02
7.868000000000000000e+03 1.340175023496742028e+02
1.000000000000000000e+04 1.334117829625609488e+02
