#n=8
#M=184
#norm=11.460697116904035
6.500000000000000000e+01 1.146069711690403459e+01
8.300000000000000000e+01 1.053450225249669181e+01
1.050000000000000000e+02 9.737965971820846889e+00
1.340000000000000000e+02 9.004965976267273575e+00
1.700000000000000000e+02 8.370946747197605120e+00
2.160000000000000000e+02 7.804660258086173030e+00
2.740000000000000000e+02 7.305499219689329138e+00
3.490000000000000000e+02 6.855130141127317778e+00
4.430000000000000000e+02 6.461428046953953341e+00
5.630000000000000000e+02 6.110311711891100117e+00
7.160000000000000000e+02 5.798009721302785024e+00
9.100000000000000000e+02 5.520260827412165838e+00
1.156000000000000000e+03 5.299537930299919708e+00
1.469000000000000000e+03 5.145627946450934687e+00
1.867000000000000000e+03 5.027113907917254210e+00
2.373000000000000000e+03 4.875476008327128241e+00
3.016000000000000000e+03 4.849889391966876850e+00
3.833000000000000000e+03 4.837149354682197533e+00
4.872000000000000000e+03 4.829028537916101094e+00
6.191000000000000000e+03 4.823229865433189545e+00
7.868000000000000000e+03 4.818799727018828527e+00
1.000000000000000000e+04 4.815271473702249949e+00
