#n=26
#M=9203
#norm=87.2102576977073
6.500000000000000000e+01 8.721025769770730562e+01
8.300000000000000000e+01 8.130197873400888398e+01
1.050000000000000000e+02 7.622080334447457517e+01
1.340000000000000000e+02 7.154493153763681335e+01
1.700000000000000000e+02 6.750046679523120474e+01
2.160000000000000000e+02 6.388807519210500629e+01
2.740000000000000000e+02 6.070388277645706410e+01
3.490000000000000000e+02 5.783093858833434808e+01
4.430000000000000000e+02 5.531947810592610182e+01
5.630000000000000000e+02 5.307967594767274733e+01
7.160000000000000000e+02 5.108747392602282389e+01
9.100000000000000000e+02 4.932530285294832595e+01
1.156000000000000000e+03 4.776520799678667117e+01
1.469000000000000000e+03 4.637917768650947892e+01
1.867000000000000000e+03 4.532501027654582515e+01
2.373000000000000000e+03 4.459650940240045003e+01
3.016000000000000000e+03 4.410445189013606182e+01
3.833000000000000000e+03 4.386255208095541036e+01
4.872000000000000000e+03 4.361221641632542401e+01
6.191000000000000000e+03 4.342992916399749959e+01
7.868000000000000000e+03 4.328592698312862552e+01
1.000000000000000000e+04 4.316728266341124964e+01
