#n=8
#M=184
#norm=11.460697116904036
6.500000000000000000e+01 1.146069711690403636e+01
8.300000000000000000e+01 1.053450225249669714e+01
1.050000000000000000e+02 9.737965971820852218e+00
1.340000000000000000e+02 9.004965976267280681e+00
1.700000000000000000e+02 8.370946747197610449e+00
2.160000000000000000e+02 7.804660258086181024e+00
2.740000000000000000e+02 7.305499219689336243e+00
3.490000000000000000e+02 6.855130141127324883e+00
4.430000000000000000e+02 6.461428046953960447e+00
5.630000000000000000e+02 6.110311711891107223e+00
7.160000000000000000e+02 5.798009721302792130e+00
9.100000000000000000e+02 5.521767890455469008e+00
1.156000000000000000e+03 5.277203973849078800e+00
1.469000000000000000e+03 5.059926800042772399e+00
1.867000000000000000e+03 4.886768606000341464e+00
2.373000000000000000e+03 4.740495764468067641e+00
3.016000000000000000e+03 4.715814421015497970e+00
3.833000000000000000e+03 4.703525135422026437e+00
4.872000000000000000e+03 4.695691638999624828e+00
6.191000000000000000e+03 4.690098127723860699e+00
7.868000000000000000e+03 4.685824730796039006e+00
1.000000000000000000e+04 4.682421309621934924e+00
