#n=26
#M=12731
#norm=159.2970191808693
6.500000000000000000e+01 1.592970191808693130e+02
8.300000000000000000e+01 1.545728839358045832e+02
1.050000000000000000e+02 1.474430966988161060e+02
1.340000000000000000e+02 1.399297877526768161e+02
1.700000000000000000e+02 1.335481332295373136e+02
2.160000000000000000e+02 1.275841986358117026e+02
2.740000000000000000e+02 1.225835805829844958e+02
3.490000000000000000e+02 1.180761676685944792e+02
4.430000000000000000e+02 1.141012193197967406e+02
5.630000000000000000e+02 1.104914769885422459e+02
7.160000000000000000e+02 1.073274672508805452e+02
9.100000000000000000e+02 1.044495971244456314e+02
1.156000000000000000e+03 1.019088780725670063e+02
1.469000000000000000e+03 9.980616224163648553e+01
1.867000000000000000e+03 9.828183819989180847e+01
2.373000000000000000e+03 9.721193504498479854e+01
3.016000000000000000e+03 9.641959794552164453e+01
3.833000000000000000e+03 9.580994915805047185e+01
4.872000000000000000e+03 9.528199413865404210e+01
6.191000000000000000e+03 9.458180404579302092e+01
7.868000000000000000e+03 9.400055874765487829e+01
1.000000000000000000e+04 9.352958989379823151e+01
