#n=26
#M=9203
#norm=87.95447466879494
6.500000000000000000e+01 8.795447466879494414e+01
8.300000000000000000e+01 8.204619570509652249e+01
1.050000000000000000e+02 7.696502031556218526e+01
1.340000000000000000e+02 7.228914850872442344e+01
1.700000000000000000e+02 6.824468376631884325e+01
2.160000000000000000e+02 6.463229216319263060e+01
2.740000000000000000e+02 6.144809974754468129e+01
3.490000000000000000e+02 5.857515555942196528e+01
4.430000000000000000e+02 5.606369507701371901e+01
5.630000000000000000e+02 5.382389291876035742e+01
7.160000000000000000e+02 5.183169089711043398e+01
9.100000000000000000e+02 5.006951982403592893e+01
1.156000000000000000e+03 4.850942496787427416e+01
1.469000000000000000e+03 4.713137449153585123e+01
1.867000000000000000e+03 4.596568870471369905e+01
2.373000000000000000e+03 4.522171386854244446e+01
3.016000000000000000e+03 4.455300962178816349e+01
3.833000000000000000e+03 4.341210747728862884e+01
4.872000000000000000e+03 4.243320248649385462e+01
6.191000000000000000e+03 4.187528924355164150e+01
7.868000000000000000e+03 4.143263327375173333e+01
1.000000000000000000e+04 4.106391306074289105e+01
