#n=12
#M=630
#norm=12.350974532255693
6.500000000000000000e+01 1.235097453225569275e+01
8.400000000000000000e+01 1.117865700343519464e+01
1.090000000000000000e+02 1.043421580360886125e+01
1.400000000000000000e+02 9.865648837821952455e+00
1.810000000000000000e+02 9.349956290044135088e+00
2.340000000000000000e+02 8.896204479410425137e+00
3.020000000000000000e+02 8.544530768923390696e+00
3.900000000000000000e+02 8.207813237744730372e+00
5.030000000000000000e+02 7.948798058845341963e+00
6.490000000000000000e+02 7.735726944566779117e+00
8.380000000000000000e+02 7.554762867521298553e+00
1.082000000000000000e+03 7.399292081197741844e+00
1.398000000000000000e+03 7.264275333481539754e+00
1.804000000000000000e+03 6.893774637803270267e+00
2.330000000000000000e+03 6.614507714616502554e+00
3.008000000000000000e+03 6.523717789136551204e+00
3.884000000000000000e+03 6.470310640906763666e+00
5.015000000000000000e+03 6.432800333398132508e+00
6.474000000000000000e+03 6.404159846537213596e+00
8.359000000000000000e+03 6.381207452404002112e+00
1.079300000000000000e+04 6.362292446903596854e+00
1.393500000000000000e+04 6.346414707702292546e+00
1.799200000000000000e+04 6.332912315861134900e+00
2.323000000000000000e+04 6.321328318016330883e+00
2.999400000000000000e+04 6.311324832441187027e+00
3.872600000000000000e+04 6.302648261146678976e+00
5.000000000000000000e+04 6.295095314693420541e+00
