#n=30
#M=52797
#norm=209.61158824443393
6.500000000000000000e+01 2.096115882444339320e+02
8.300000000000000000e+01 1.996733725427217223e+02
1.050000000000000000e+02 1.911264137160157475e+02
1.340000000000000000e+02 1.832612091622992239e+02
1.700000000000000000e+02 1.764580837081761615e+02
2.160000000000000000e+02 1.703817411435303484e+02
2.740000000000000000e+02 1.650256651598303392e+02
3.490000000000000000e+02 1.601931345335731294e+02
4.430000000000000000e+02 1.559686495094476868e+02
5.630000000000000000e+02 1.524599047878120359e+02
7.160000000000000000e+02 1.496553306763654234e+02
9.100000000000000000e+02 1.471912311328451608e+02
1.156000000000000000e+03 1.450136761726095074e+02
1.469000000000000000e+03 1.430804967033747062e+02
1.867000000000000000e+03 1.413063975640702097e+02
2.373000000000000000e+03 1.394383185038515478e+02
3.016000000000000000e+03 1.380527833699458711e+02
3.833000000000000000e+03 1.369888031913469035e+02
4.872000000000000000e+03 1.362809840409219930e+02
6.191000000000000000e+03 1.356888410056580483e+02
7.868000000000000000e+03 1.351787901038784128e+02
1.000000000000000000e+04 1.347346348367422877e+02
