#n=14
#M=665
#norm=21.48914670903359
6.500000000000000000e+01 2.148914670903359081e+01
8.400000000000000000e+01 2.015682758849874290e+01
1.090000000000000000e+02 1.895778751423947028e+01
1.400000000000000000e+02 1.809718657381878870e+01
1.810000000000000000e+02 1.735951646867765419e+01
2.340000000000000000e+02 1.670773588994358505e+01
3.020000000000000000e+02 1.613904856562756862e+01
3.900000000000000000e+02 1.567858967124257319e+01
5.030000000000000000e+02 1.433503881060514829e+01
6.490000000000000000e+02 1.359728277947089659e+01
8.380000000000000000e+02 1.308103218703928761e+01
1.082000000000000000e+03 1.270769962168862222e+01
1.398000000000000000e+03 1.241004726599094354e+01
1.804000000000000000e+03 1.216515690453261556e+01
2.330000000000000000e+03 1.195762916767919748e+01
3.008000000000000000e+03 1.178049170807775070e+01
3.884000000000000000e+03 1.162765483708587055e+01
5.015000000000000000e+03 1.149516303883636681e+01
6.474000000000000000e+03 1.137993679095307087e+01
8.359000000000000000e+03 1.034725408852165884e+01
1.079300000000000000e+04 9.663360050180715533e+00
1.393500000000000000e+04 9.535405869132343781e+00
1.799200000000000000e+04 9.466739187012720436e+00
2.323000000000000000e+04 9.420415273974516168e+00
2.999400000000000000e+04 9.385815593935767254e+00
3.872600000000000000e+04 9.358514369491594209e+00
5.000000000000000000e+04 9.336237754389735244e+00
