# Averaged over 100 runs
# E_GS: -19.045049602807996
-1.871819648765234945e+01
-1.940925197635095500e+01
-1.923648810417630273e+01
-1.923648810417630273e+01
-2.014349843309322097e+01
-1.927967907221996668e+01
-1.971158875265659205e+01
-1.949563391243827937e+01
-1.776799519069176725e+01
-1.832947777525938449e+01
-1.794075906286641953e+01
-1.828628680721572053e+01
-1.863181455156502153e+01
-1.927967907221996668e+01
-1.902053326395799004e+01
-1.902053326395799004e+01
-1.828628680721572053e+01
-1.958201584852560373e+01
-1.854543261547769717e+01
-1.841585971134670885e+01
-1.811352293504106825e+01
-1.880457842373967381e+01
-1.997073456091857224e+01
-1.858862358352136113e+01
-1.707693970199316169e+01
-1.819990487112839617e+01
-1.940925197635095500e+01
-1.863181455156502153e+01
-1.953882488048193977e+01
-1.966839778461293164e+01
-1.915010616808897836e+01
-1.919329713613264232e+01
-1.819990487112839617e+01
-1.893415132787066213e+01
-1.863181455156502153e+01
-1.871819648765234945e+01
-1.871819648765234945e+01
-1.945244294439461896e+01
-2.022988036918054888e+01
-1.867500551960868549e+01
-1.940925197635095500e+01
-1.768161325460444289e+01
-1.837266874330304489e+01
-1.902053326395799004e+01
-1.962520681656926769e+01
-2.001392552896223265e+01
-1.876138745569600985e+01
-1.971158875265659205e+01
-1.893415132787066213e+01
-1.807033196699740785e+01
-1.884776939178333777e+01
-1.867500551960868549e+01
-1.850224164743403321e+01
-1.958201584852560373e+01
-1.863181455156502153e+01
-1.889096035982700172e+01
-1.975477972070025601e+01
-1.889096035982700172e+01
-1.867500551960868549e+01
-1.962520681656926769e+01
-1.975477972070025601e+01
-1.906372423200165400e+01
-1.936606100830729105e+01
-1.936606100830729105e+01
-1.953882488048193977e+01
-1.936606100830729105e+01
-1.854543261547769717e+01
-1.910691520004531441e+01
-1.923648810417630273e+01
-1.971158875265659205e+01
-1.915010616808897836e+01
-1.919329713613264232e+01
-1.923648810417630273e+01
-2.001392552896223265e+01
-1.940925197635095500e+01
-1.915010616808897836e+01
-2.053221714548618593e+01
-1.889096035982700172e+01
-1.897734229591432609e+01
-1.897734229591432609e+01
-1.966839778461293164e+01
-1.915010616808897836e+01
-1.945244294439461896e+01
-1.936606100830729105e+01
-1.958201584852560373e+01
-1.932287004026363064e+01
-1.971158875265659205e+01
-1.927967907221996668e+01
-1.940925197635095500e+01
-1.824309583917205657e+01
-1.871819648765234945e+01
-2.014349843309322097e+01
-1.910691520004531441e+01
-1.893415132787066213e+01
-2.066179004961717425e+01
-1.936606100830729105e+01
-1.945244294439461896e+01
-1.949563391243827937e+01
-1.863181455156502153e+01
-1.819990487112839617e+01
