# Averaged over 100 runs
# E_GS: -19.045049602807975
-1.889096035982700172e+01
-1.971158875265659560e+01
-1.824309583917205657e+01
-1.858862358352136113e+01
-1.871819648765234945e+01
-1.876138745569601340e+01
-2.001392552896223265e+01
-1.923648810417630273e+01
-1.940925197635095500e+01
-1.910691520004531441e+01
-1.850224164743403676e+01
-1.992754359287490828e+01
-1.988435262483124433e+01
-1.923648810417630273e+01
-1.867500551960868904e+01
-1.841585971134671240e+01
-1.828628680721572053e+01
-1.897734229591432609e+01
-1.837266874330304844e+01
-1.858862358352136113e+01
-1.876138745569601340e+01
-2.022988036918054888e+01
-1.828628680721572053e+01
-1.992754359287490828e+01
-1.889096035982700172e+01
-2.005711649700589660e+01
-1.854543261547770072e+01
-1.919329713613264232e+01
-1.815671390308473576e+01
-1.988435262483124433e+01
-1.880457842373967736e+01
-1.945244294439461896e+01
-1.927967907221996668e+01
-1.940925197635095500e+01
-1.867500551960868904e+01
-1.962520681656926769e+01
-1.893415132787066568e+01
-1.841585971134671240e+01
-1.854543261547770072e+01
-1.832947777525938449e+01
-2.022988036918054888e+01
-1.794075906286641953e+01
-1.837266874330304844e+01
-1.945244294439461896e+01
-1.794075906286641953e+01
-1.811352293504107180e+01
-1.910691520004531441e+01
-1.962520681656926769e+01
-1.927967907221996668e+01
-1.971158875265659560e+01
-1.880457842373967736e+01
-1.893415132787066568e+01
-1.841585971134671240e+01
-1.889096035982700172e+01
-1.927967907221996668e+01
-2.048902617744252552e+01
-1.927967907221996668e+01
-1.971158875265659560e+01
-1.984116165678758392e+01
-1.884776939178333777e+01
-1.910691520004531441e+01
-1.841585971134671240e+01
-1.953882488048194332e+01
-1.811352293504107180e+01
-1.897734229591432609e+01
-1.785437712677909516e+01
-1.876138745569601340e+01
-1.841585971134671240e+01
-1.824309583917205657e+01
-1.953882488048194332e+01
-1.902053326395799004e+01
-1.884776939178333777e+01
-1.845905067939037281e+01
-1.893415132787066568e+01
-1.962520681656926769e+01
-1.845905067939037281e+01
-1.984116165678758392e+01
-1.876138745569601340e+01
-1.915010616808897836e+01
-1.893415132787066568e+01
-1.984116165678758392e+01
-1.889096035982700172e+01
-1.915010616808897836e+01
-1.897734229591432609e+01
-1.880457842373967736e+01
-1.936606100830729105e+01
-1.966839778461293164e+01
-1.876138745569601340e+01
-1.824309583917205657e+01
-1.858862358352136113e+01
-1.945244294439461896e+01
-1.971158875265659560e+01
-1.746565841438612665e+01
-1.906372423200165400e+01
-1.889096035982700172e+01
-1.940925197635095500e+01
-1.915010616808897836e+01
-1.910691520004531441e+01
-1.936606100830729105e+01
-1.798395003091008348e+01
