# Averaged over 100 runs
# E_GS: -1.8608605555207574
-2.116368903662870338e+00
-2.345406295239570227e+00
-2.368310034397239860e+00
-1.772812816297820282e+00
-1.475064207248111048e+00
-1.978946468716850093e+00
-1.910235251243840304e+00
-1.978946468716850093e+00
-1.887331512086170227e+00
-1.497967946405781126e+00
-2.276695077766560438e+00
-1.727005337982480127e+00
-1.475064207248111048e+00
-2.345406295239570227e+00
-2.162176381978210493e+00
-1.841524033770830071e+00
-2.253791338608889916e+00
-1.658294120509470781e+00
-1.520871685563451203e+00
-2.230887599451220282e+00
-1.841524033770830071e+00
-2.070561425347530182e+00
-1.749909077140150204e+00
-1.864427772928500149e+00
-1.497967946405781126e+00
-1.452160468090440970e+00
-1.268930554829081236e+00
-1.864427772928500149e+00
-1.658294120509470781e+00
-1.978946468716850093e+00
-1.727005337982480127e+00
-1.749909077140150204e+00
-1.704101598824810493e+00
-1.727005337982480127e+00
-1.246026815671411159e+00
-2.024753947032190027e+00
-2.299598816924230071e+00
-1.566679163878790915e+00
-1.795716555455490360e+00
-2.070561425347530182e+00
-2.230887599451220282e+00
-1.887331512086170227e+00
-1.864427772928500149e+00
-1.681197859667140859e+00
-2.162176381978210493e+00
-1.406352989775100815e+00
-1.956042729559180460e+00
-2.643154904289279905e+00
-1.749909077140150204e+00
-1.933138990401510382e+00
-1.177315598198400926e+00
-1.749909077140150204e+00
-1.543775424721120837e+00
-2.597347425973939750e+00
-2.207983860293549760e+00
-2.024753947032190027e+00
-1.612486642194131070e+00
-1.933138990401510382e+00
-1.704101598824810493e+00
-1.818620294613160437e+00
-2.116368903662870338e+00
-1.933138990401510382e+00
-2.047657686189860549e+00
-2.139272642820539971e+00
-1.841524033770830071e+00
-1.246026815671411159e+00
-1.062796902410051425e+00
-1.658294120509470781e+00
-1.658294120509470781e+00
-1.841524033770830071e+00
-1.291834293986750870e+00
-1.887331512086170227e+00
-2.757673600077629850e+00
-1.956042729559180460e+00
-1.658294120509470781e+00
-1.704101598824810493e+00
-1.612486642194131070e+00
-2.574443686816270116e+00
-1.864427772928500149e+00
-1.360545511459761103e+00
-2.185080121135880127e+00
-1.772812816297820282e+00
-2.459924991027919283e+00
-1.223123076513741081e+00
-1.818620294613160437e+00
-1.749909077140150204e+00
-1.910235251243840304e+00
-2.551539947658599594e+00
-2.047657686189860549e+00
-1.360545511459761103e+00
-1.887331512086170227e+00
-2.116368903662870338e+00
-1.841524033770830071e+00
-2.230887599451220282e+00
-1.223123076513741081e+00
-1.818620294613160437e+00
-1.108604380725391580e+00
-2.414117512712579128e+00
-1.658294120509470781e+00
-1.383449250617431181e+00
