# Averaged over 100 runs
# E_GS: -1.8608605555207567
-2.207983860293549760e+00
-2.230887599451219394e+00
-1.658294120509470337e+00
-1.520871685563450759e+00
-1.589582903036460548e+00
-2.574443686816269228e+00
-1.337641772302090581e+00
-2.528636208500929072e+00
-2.459924991027919283e+00
-1.566679163878790471e+00
-1.497967946405780681e+00
-1.749909077140149760e+00
-1.475064207248110604e+00
-1.910235251243839860e+00
-1.910235251243839860e+00
-1.704101598824810049e+00
-2.070561425347530182e+00
-1.223123076513740637e+00
-2.024753947032190027e+00
-6.734333367296614359e-01
-2.001850207874519505e+00
-2.391213773554909494e+00
-2.322502556081899705e+00
-1.933138990401509938e+00
-2.001850207874519505e+00
-1.360545511459760659e+00
-1.635390381351800704e+00
-2.345406295239569339e+00
-2.276695077766559550e+00
-1.200219337356070559e+00
-1.749909077140149760e+00
-1.360545511459760659e+00
-8.108557716756810141e-01
-2.414117512712579128e+00
-1.864427772928499705e+00
-1.520871685563450759e+00
-1.681197859667140415e+00
-2.207983860293549760e+00
-2.322502556081899705e+00
-2.139272642820539971e+00
-2.322502556081899705e+00
-2.276695077766559550e+00
-2.162176381978209605e+00
-2.185080121135880127e+00
-1.956042729559180016e+00
-1.887331512086169782e+00
-1.704101598824810049e+00
-2.001850207874519505e+00
-1.887331512086169782e+00
-1.681197859667140415e+00
-1.475064207248110604e+00
-1.429256728932770448e+00
-1.887331512086169782e+00
-1.841524033770829627e+00
-1.749909077140149760e+00
-2.162176381978209605e+00
-2.253791338608889916e+00
-2.162176381978209605e+00
-1.200219337356070559e+00
-1.566679163878790471e+00
-2.047657686189859660e+00
-1.681197859667140415e+00
-1.635390381351800704e+00
-1.956042729559180016e+00
-1.956042729559180016e+00
-1.841524033770829627e+00
-1.933138990401509938e+00
-2.001850207874519505e+00
-1.749909077140149760e+00
-1.704101598824810049e+00
-1.543775424721120393e+00
-1.612486642194130626e+00
-2.185080121135880127e+00
-2.528636208500929072e+00
-1.818620294613159993e+00
-2.070561425347530182e+00
-1.452160468090440526e+00
-1.818620294613159993e+00
-2.299598816924230071e+00
-1.406352989775100371e+00
-1.864427772928499705e+00
-1.772812816297819838e+00
-1.818620294613159993e+00
-2.139272642820539971e+00
-1.658294120509470337e+00
-2.574443686816269228e+00
-1.749909077140149760e+00
-2.070561425347530182e+00
-2.207983860293549760e+00
-2.414117512712579128e+00
-1.475064207248110604e+00
-2.001850207874519505e+00
-2.299598816924230071e+00
-2.024753947032190027e+00
-1.704101598824810049e+00
-2.024753947032190027e+00
-2.024753947032190027e+00
-1.818620294613159993e+00
-2.024753947032190027e+00
-2.276695077766559550e+00
