# Averaged over 100 runs
# E_GS: -1.8608605555207636
-2.345406295239569339e+00
-2.666058643446948651e+00
-2.047657686189859660e+00
-1.910235251243839860e+00
-2.093465164505199816e+00
-1.658294120509470337e+00
-1.475064207248110604e+00
-1.658294120509470337e+00
-1.887331512086169782e+00
-1.841524033770829627e+00
-1.818620294613159993e+00
-2.391213773554909494e+00
-1.910235251243839860e+00
-1.933138990401509938e+00
-1.681197859667140415e+00
-1.429256728932770448e+00
-1.864427772928499705e+00
-2.185080121135880127e+00
-1.749909077140149760e+00
-1.429256728932770448e+00
-1.406352989775100371e+00
-1.795716555455489916e+00
-2.207983860293549760e+00
-1.429256728932770448e+00
-2.116368903662869450e+00
-2.070561425347530182e+00
-1.589582903036460548e+00
-2.139272642820539971e+00
-1.589582903036460548e+00
-2.207983860293549760e+00
-2.414117512712579128e+00
-1.589582903036460548e+00
-1.818620294613159993e+00
-2.162176381978209605e+00
-2.001850207874519505e+00
-2.001850207874519505e+00
-2.253791338608889916e+00
-2.024753947032190027e+00
-1.910235251243839860e+00
-1.864427772928499705e+00
-1.864427772928499705e+00
-2.597347425973938861e+00
-1.429256728932770448e+00
-2.207983860293549760e+00
-1.681197859667140415e+00
-1.635390381351800704e+00
-2.093465164505199816e+00
-2.116368903662869450e+00
-1.543775424721120393e+00
-1.772812816297819838e+00
-1.154411859040730848e+00
-1.475064207248110604e+00
-1.910235251243839860e+00
-1.612486642194130626e+00
-2.230887599451219394e+00
-2.345406295239569339e+00
-2.047657686189859660e+00
-1.566679163878790471e+00
-1.978946468716849649e+00
-1.635390381351800704e+00
-2.162176381978209605e+00
-1.887331512086169782e+00
-1.841524033770829627e+00
-1.635390381351800704e+00
-2.070561425347530182e+00
-2.139272642820539971e+00
-1.612486642194130626e+00
-2.093465164505199816e+00
-2.001850207874519505e+00
-1.933138990401509938e+00
-2.643154904289279017e+00
-1.956042729559180016e+00
-2.368310034397239860e+00
-2.070561425347530182e+00
-1.887331512086169782e+00
-1.956042729559180016e+00
-2.322502556081899705e+00
-1.589582903036460548e+00
-1.978946468716849649e+00
-2.345406295239569339e+00
-1.887331512086169782e+00
-1.635390381351800704e+00
-1.291834293986750426e+00
-1.497967946405780681e+00
-1.704101598824810049e+00
-1.681197859667140415e+00
-2.024753947032190027e+00
-2.185080121135880127e+00
-1.795716555455489916e+00
-1.772812816297819838e+00
-1.841524033770829627e+00
-2.093465164505199816e+00
-1.749909077140149760e+00
-1.520871685563450759e+00
-1.818620294613159993e+00
-1.978946468716849649e+00
-1.864427772928499705e+00
-1.727005337982479682e+00
-2.093465164505199816e+00
-2.001850207874519505e+00
