# Averaged over 100 runs
# E_GS: -1.857275030202382
-1.875253130397648960e+00
-1.867675157800778418e+00
-1.894198061889825313e+00
-1.901776034486696076e+00
-1.924509952277307923e+00
-1.879042116696084230e+00
-1.879042116696084230e+00
-1.837363267413295809e+00
-1.939665897471049227e+00
-1.860097185203907655e+00
-1.803262390727378151e+00
-1.863886171502343148e+00
-1.909354007083566618e+00
-1.894198061889825313e+00
-1.867675157800778418e+00
-1.822207322219554504e+00
-1.871464144099213689e+00
-1.909354007083566618e+00
-1.943454883769484498e+00
-1.803262390727378151e+00
-1.841152253711731079e+00
-1.844941240010166572e+00
-1.882831102994519501e+00
-1.780528472936766082e+00
-1.841152253711731079e+00
-1.803262390727378151e+00
-1.886620089292954772e+00
-1.860097185203907655e+00
-1.825996308517989997e+00
-1.897987048188260806e+00
-1.882831102994519501e+00
-1.825996308517989997e+00
-1.879042116696084230e+00
-1.879042116696084230e+00
-1.788106445533636624e+00
-1.879042116696084230e+00
-1.863886171502343148e+00
-1.746427596250848424e+00
-1.788106445533636624e+00
-1.807051377025813199e+00
-1.879042116696084230e+00
-1.833574281114860538e+00
-1.788106445533636624e+00
-1.818418335921119233e+00
-1.825996308517989997e+00
-1.897987048188260806e+00
-1.822207322219554504e+00
-1.791895431832072116e+00
-1.901776034486696076e+00
-1.810840363324248692e+00
-1.863886171502343148e+00
-1.791895431832072116e+00
-1.848730226308601843e+00
-1.852519212607037113e+00
-1.825996308517989997e+00
-1.841152253711731079e+00
-1.901776034486696076e+00
-1.879042116696084230e+00
-1.818418335921119233e+00
-1.894198061889825313e+00
-1.856308198905472384e+00
-1.882831102994519501e+00
-1.841152253711731079e+00
-1.860097185203907655e+00
-1.863886171502343148e+00
-1.897987048188260806e+00
-1.935876911172613957e+00
-1.780528472936766082e+00
-1.966188801560096344e+00
-1.886620089292954772e+00
-1.829785294816425267e+00
-1.814629349622683963e+00
-1.818418335921119233e+00
-1.913142993382001888e+00
-1.825996308517989997e+00
-1.807051377025813199e+00
-1.886620089292954772e+00
-1.886620089292954772e+00
-1.837363267413295809e+00
-1.867675157800778418e+00
-1.856308198905472384e+00
-1.810840363324248692e+00
-1.901776034486696076e+00
-1.920720965978872652e+00
-1.969977787858531615e+00
-1.825996308517989997e+00
-1.844941240010166572e+00
-1.803262390727378151e+00
-1.852519212607037113e+00
-1.879042116696084230e+00
-1.871464144099213689e+00
-1.848730226308601843e+00
-1.788106445533636624e+00
-1.837363267413295809e+00
-1.803262390727378151e+00
-1.860097185203907655e+00
-1.833574281114860538e+00
-1.844941240010166572e+00
-1.909354007083566618e+00
-1.894198061889825313e+00
