# Averaged over 100 runs
# E_GS: -1.857275030202382
-1.837363267413295809e+00
-1.924509952277307923e+00
-1.860097185203907655e+00
-1.897987048188260806e+00
-1.894198061889825313e+00
-1.867675157800778418e+00
-1.825996308517989997e+00
-1.882831102994519501e+00
-1.890409075591390042e+00
-1.837363267413295809e+00
-1.825996308517989997e+00
-1.795684418130507387e+00
-1.882831102994519501e+00
-1.894198061889825313e+00
-1.875253130397648960e+00
-1.803262390727378151e+00
-1.837363267413295809e+00
-1.947243870067919769e+00
-1.825996308517989997e+00
-1.886620089292954772e+00
-1.791895431832072116e+00
-1.894198061889825313e+00
-1.833574281114860538e+00
-1.928298938575743193e+00
-1.848730226308601843e+00
-1.871464144099213689e+00
-1.871464144099213689e+00
-1.985133733052272920e+00
-1.841152253711731079e+00
-1.803262390727378151e+00
-1.901776034486696076e+00
-1.863886171502343148e+00
-1.879042116696084230e+00
-1.894198061889825313e+00
-1.769161514041460048e+00
-1.848730226308601843e+00
-1.837363267413295809e+00
-1.943454883769484498e+00
-1.844941240010166572e+00
-1.879042116696084230e+00
-1.951032856366355039e+00
-1.879042116696084230e+00
-1.882831102994519501e+00
-1.882831102994519501e+00
-1.856308198905472384e+00
-1.947243870067919769e+00
-1.867675157800778418e+00
-1.909354007083566618e+00
-1.844941240010166572e+00
-1.841152253711731079e+00
-1.799473404428942658e+00
-1.825996308517989997e+00
-1.723693678460236356e+00
-1.909354007083566618e+00
-1.886620089292954772e+00
-1.863886171502343148e+00
-1.879042116696084230e+00
-1.924509952277307923e+00
-1.822207322219554504e+00
-1.863886171502343148e+00
-1.879042116696084230e+00
-1.935876911172613957e+00
-1.924509952277307923e+00
-1.882831102994519501e+00
-1.939665897471049227e+00
-1.818418335921119233e+00
-1.844941240010166572e+00
-1.719904692161801085e+00
-1.901776034486696076e+00
-1.807051377025813199e+00
-1.848730226308601843e+00
-1.799473404428942658e+00
-1.886620089292954772e+00
-1.920720965978872652e+00
-1.932087924874178464e+00
-1.852519212607037113e+00
-1.882831102994519501e+00
-1.852519212607037113e+00
-1.784317459235201575e+00
-1.916931979680437381e+00
-1.867675157800778418e+00
-1.807051377025813199e+00
-1.932087924874178464e+00
-1.916931979680437381e+00
-1.894198061889825313e+00
-1.776739486638330812e+00
-1.856308198905472384e+00
-1.909354007083566618e+00
-1.867675157800778418e+00
-1.856308198905472384e+00
-1.882831102994519501e+00
-1.932087924874178464e+00
-1.863886171502343148e+00
-1.795684418130507387e+00
-1.844941240010166572e+00
-1.871464144099213689e+00
-1.894198061889825313e+00
-1.920720965978872652e+00
-1.897987048188260806e+00
-1.833574281114860538e+00
