# Averaged over 100 runs
# E_GS: -1.8572750302023768
-1.848730226308602065e+00
-1.788106445533637068e+00
-1.871464144099213911e+00
-1.886620089292954994e+00
-1.882831102994519723e+00
-1.848730226308602065e+00
-1.799473404428943102e+00
-1.932087924874178908e+00
-1.780528472936766304e+00
-1.765372527743025000e+00
-1.943454883769484720e+00
-1.905565020785131569e+00
-1.780528472936766304e+00
-1.943454883769484720e+00
-1.856308198905472606e+00
-1.852519212607037336e+00
-1.882831102994519723e+00
-1.909354007083566840e+00
-1.844941240010166794e+00
-1.879042116696084452e+00
-1.962399815261661296e+00
-1.829785294816425489e+00
-1.788106445533637068e+00
-1.856308198905472606e+00
-1.780528472936766304e+00
-1.761583541444589729e+00
-1.807051377025813643e+00
-1.916931979680437603e+00
-1.860097185203908099e+00
-1.860097185203908099e+00
-1.829785294816425489e+00
-1.871464144099213911e+00
-1.776739486638331034e+00
-1.879042116696084452e+00
-1.856308198905472606e+00
-1.913142993382002333e+00
-1.841152253711731523e+00
-1.829785294816425489e+00
-1.913142993382002333e+00
-1.905565020785131569e+00
-1.886620089292954994e+00
-1.795684418130507609e+00
-1.916931979680437603e+00
-1.875253130397649182e+00
-1.837363267413296031e+00
-1.882831102994519723e+00
-1.913142993382002333e+00
-1.844941240010166794e+00
-1.852519212607037336e+00
-1.841152253711731523e+00
-1.807051377025813643e+00
-1.810840363324248914e+00
-1.920720965978872874e+00
-1.939665897471049449e+00
-1.932087924874178908e+00
-1.844941240010166794e+00
-1.909354007083566840e+00
-1.875253130397649182e+00
-1.814629349622684185e+00
-1.825996308517990219e+00
-1.856308198905472606e+00
-1.776739486638331034e+00
-1.947243870067919991e+00
-1.814629349622684185e+00
-1.913142993382002333e+00
-1.837363267413296031e+00
-1.848730226308602065e+00
-1.909354007083566840e+00
-1.875253130397649182e+00
-1.875253130397649182e+00
-1.829785294816425489e+00
-1.951032856366355484e+00
-2.011656637141320481e+00
-1.829785294816425489e+00
-1.822207322219554948e+00
-1.814629349622684185e+00
-1.837363267413296031e+00
-1.935876911172614179e+00
-1.833574281114860760e+00
-1.841152253711731523e+00
-1.875253130397649182e+00
-1.822207322219554948e+00
-1.829785294816425489e+00
-1.807051377025813643e+00
-1.829785294816425489e+00
-1.856308198905472606e+00
-1.882831102994519723e+00
-1.894198061889825757e+00
-1.871464144099213911e+00
-1.932087924874178908e+00
-1.860097185203908099e+00
-1.897987048188261028e+00
-1.841152253711731523e+00
-1.825996308517990219e+00
-1.844941240010166794e+00
-1.913142993382002333e+00
-1.852519212607037336e+00
-1.829785294816425489e+00
-1.750216582549283917e+00
-1.901776034486696298e+00
