# Averaged over 100 runs
# E_GS: -83.59943020533738
-8.586634427198572439e+01
-8.054678453256357784e+01
-8.255959092045303294e+01
-8.442862542349325850e+01
-8.457239730834248803e+01
-8.327845034469928009e+01
-8.586634427198572439e+01
-8.773537877502593574e+01
-8.572257238713646643e+01
-8.155318772650829828e+01
-8.284713469015153464e+01
-8.313467845985002214e+01
-7.968415322346808694e+01
-8.356599411439776759e+01
-8.385353788409625508e+01
-8.399730976894551304e+01
-8.356599411439776759e+01
-8.155318772650829828e+01
-8.342222222954852384e+01
-8.572257238713646643e+01
-8.054678453256357784e+01
-8.385353788409625508e+01
-8.442862542349325850e+01
-8.299090657500077839e+01
-8.370976599924701134e+01
-8.586634427198572439e+01
-8.399730976894551304e+01
-8.759160689017669199e+01
-8.572257238713646643e+01
-8.083432830226206534e+01
-8.687274746593044483e+01
-8.184073149620679999e+01
-8.399730976894551304e+01
-8.299090657500077839e+01
-8.816669442957368119e+01
-8.572257238713646643e+01
-8.500371296289023348e+01
-8.557880050228722268e+01
-8.543502861743797894e+01
-8.557880050228722268e+01
-8.169695961135755624e+01
-8.083432830226206534e+01
-8.557880050228722268e+01
-8.485994107804098974e+01
-8.414108165379475679e+01
-8.241581903560378919e+01
-8.198450338105604374e+01
-8.601011615683496814e+01
-8.284713469015153464e+01
-8.644143181138271359e+01
-8.270336280530227668e+01
-8.169695961135755624e+01
-8.198450338105604374e+01
-8.457239730834248803e+01
-8.485994107804098974e+01
-8.500371296289023348e+01
-8.629765992653346984e+01
-8.428485353864400054e+01
-8.356599411439776759e+01
-8.601011615683496814e+01
-8.284713469015153464e+01
-8.529125673258873519e+01
-8.299090657500077839e+01
-8.069055641741282159e+01
-8.126564395680981079e+01
-8.212827526590528748e+01
-8.514748484773949144e+01
-8.428485353864400054e+01
-7.925283756892034148e+01
-8.514748484773949144e+01
-8.241581903560378919e+01
-8.126564395680981079e+01
-8.241581903560378919e+01
-8.212827526590528748e+01
-8.644143181138271359e+01
-8.054678453256357784e+01
-8.370976599924701134e+01
-8.816669442957368119e+01
-8.327845034469928009e+01
-8.543502861743797894e+01
-8.356599411439776759e+01
-8.514748484773949144e+01
-8.299090657500077839e+01
-8.442862542349325850e+01
-8.198450338105604374e+01
-8.730406312047819029e+01
-8.500371296289023348e+01
-8.485994107804098974e+01
-8.557880050228722268e+01
-8.069055641741282159e+01
-8.356599411439776759e+01
-8.097810018711130908e+01
-8.198450338105604374e+01
-8.270336280530227668e+01
-8.356599411439776759e+01
-8.457239730834248803e+01
-8.385353788409625508e+01
-8.586634427198572439e+01
-8.672897558108120108e+01
-8.227204715075454544e+01
