# Averaged over 100 runs
# E_GS: -83.59943020533746
-8.672897558108130056e+01
-8.255959092045311820e+01
-8.658520369623205681e+01
-8.370976599924709660e+01
-8.327845034469936536e+01
-8.198450338105612900e+01
-8.140941584165913980e+01
-8.557880050228732216e+01
-8.255959092045311820e+01
-8.399730976894559831e+01
-8.270336280530236195e+01
-8.399730976894559831e+01
-8.428485353864408580e+01
-8.442862542349334376e+01
-8.385353788409634035e+01
-8.255959092045311820e+01
-8.658520369623205681e+01
-8.299090657500086365e+01
-8.960441327806626077e+01
-8.787915065987527896e+01
-8.342222222954860911e+01
-8.241581903560387445e+01
-8.227204715075461650e+01
-8.629765992653355511e+01
-8.414108165379484205e+01
-8.917309762351851532e+01
-8.255959092045311820e+01
-8.442862542349334376e+01
-8.529125673258882046e+01
-8.255959092045311820e+01
-8.299090657500086365e+01
-8.557880050228732216e+01
-8.140941584165913980e+01
-8.644143181138281307e+01
-8.227204715075461650e+01
-8.414108165379484205e+01
-8.442862542349334376e+01
-8.313467845985010740e+01
-8.485994107804108921e+01
-8.514748484773957671e+01
-8.342222222954860911e+01
-8.284713469015161991e+01
-8.485994107804108921e+01
-8.385353788409634035e+01
-8.399730976894559831e+01
-8.011546887801590344e+01
-8.327845034469936536e+01
-8.284713469015161991e+01
-7.896529379922192504e+01
-8.428485353864408580e+01
-8.485994107804108921e+01
-8.284713469015161991e+01
-8.356599411439785285e+01
-8.227204715075461650e+01
-8.284713469015161991e+01
-8.644143181138281307e+01
-8.399730976894559831e+01
-8.227204715075461650e+01
-8.212827526590537275e+01
-8.198450338105612900e+01
-8.572257238713656591e+01
-8.284713469015161991e+01
-8.485994107804108921e+01
-8.701651935077980227e+01
-8.629765992653355511e+01
-8.399730976894559831e+01
-8.644143181138281307e+01
-8.471616919319183125e+01
-8.385353788409634035e+01
-8.385353788409634035e+01
-8.025924076286514719e+01
-8.227204715075461650e+01
-8.471616919319183125e+01
-8.313467845985010740e+01
-8.414108165379484205e+01
-8.299090657500086365e+01
-8.428485353864408580e+01
-8.342222222954860911e+01
-8.155318772650838355e+01
-8.514748484773957671e+01
-8.284713469015161991e+01
-8.529125673258882046e+01
-8.514748484773957671e+01
-8.586634427198580966e+01
-8.370976599924709660e+01
-8.543502861743806420e+01
-8.385353788409634035e+01
-8.227204715075461650e+01
-8.428485353864408580e+01
-8.184073149620687104e+01
-8.644143181138281307e+01
-8.414108165379484205e+01
-8.902932573866925736e+01
-8.557880050228732216e+01
-8.097810018711139435e+01
-8.184073149620687104e+01
-8.399730976894559831e+01
-7.637739987193546654e+01
-8.485994107804108921e+01
-8.255959092045311820e+01
