# Averaged over 100 runs
# E_GS: -83.5994302053384
-8.557880050228732216e+01
-8.370976599924709660e+01
-7.882152191437266708e+01
-8.529125673258882046e+01
-8.155318772650838355e+01
-8.557880050228732216e+01
-8.356599411439785285e+01
-8.500371296289031875e+01
-8.572257238713656591e+01
-8.744783500532753351e+01
-8.514748484773957671e+01
-7.954038133861891424e+01
-8.471616919319183125e+01
-8.342222222954859490e+01
-8.313467845985010740e+01
-8.370976599924709660e+01
-8.198450338105612900e+01
-8.284713469015160570e+01
-8.313467845985010740e+01
-8.399730976894559831e+01
-8.428485353864408580e+01
-8.557880050228732216e+01
-8.284713469015160570e+01
-8.370976599924709660e+01
-8.457239730834257330e+01
-8.543502861743806420e+01
-8.169695961135762730e+01
-8.816669442957376646e+01
-8.083432830226213639e+01
-8.442862542349334376e+01
-8.601011615683505340e+01
-7.954038133861891424e+01
-8.327845034469935115e+01
-8.485994107804107500e+01
-8.184073149620687104e+01
-8.385353788409634035e+01
-8.586634427198580966e+01
-8.169695961135762730e+01
-8.514748484773957671e+01
-8.471616919319183125e+01
-8.054678453256363468e+01
-8.514748484773957671e+01
-8.644143181138279886e+01
-8.169695961135762730e+01
-8.414108165379484205e+01
-8.428485353864408580e+01
-8.140941584165912559e+01
-8.356599411439785285e+01
-8.471616919319183125e+01
-8.227204715075461650e+01
-8.845423819927228237e+01
-8.399730976894559831e+01
-8.385353788409634035e+01
-8.471616919319183125e+01
-8.471616919319183125e+01
-8.471616919319183125e+01
-8.601011615683505340e+01
-8.284713469015160570e+01
-8.299090657500084944e+01
-8.155318772650838355e+01
-8.184073149620687104e+01
-8.270336280530236195e+01
-8.672897558108130056e+01
-8.385353788409634035e+01
-8.370976599924709660e+01
-8.370976599924709660e+01
-8.212827526590537275e+01
-8.557880050228732216e+01
-8.414108165379484205e+01
-8.370976599924709660e+01
-8.327845034469935115e+01
-8.370976599924709660e+01
-8.184073149620687104e+01
-8.327845034469935115e+01
-8.572257238713656591e+01
-8.816669442957376646e+01
-8.198450338105612900e+01
-8.529125673258882046e+01
-8.399730976894559831e+01
-8.442862542349334376e+01
-8.241581903560386024e+01
-8.025924076286514719e+01
-8.529125673258882046e+01
-8.586634427198580966e+01
-8.011546887801590344e+01
-8.414108165379484205e+01
-8.342222222954859490e+01
-8.874178196897076987e+01
-8.399730976894559831e+01
-8.198450338105612900e+01
-8.069055641741289264e+01
-8.054678453256363468e+01
-8.212827526590537275e+01
-8.270336280530236195e+01
-8.313467845985010740e+01
-8.557880050228732216e+01
-8.227204715075461650e+01
-8.586634427198580966e+01
-8.097810018711138014e+01
-8.241581903560386024e+01
