# Averaged over 100 runs
# E_GS: -8.908299431473628
-9.121757445557353350e+00
-8.603020358933967771e+00
-9.171160977616723997e+00
-8.603020358933967771e+00
-8.578318592904281559e+00
-8.380704464666800746e+00
-8.479511528785540264e+00
-8.701827423052705512e+00
-9.220564509676094644e+00
-9.368775105854204810e+00
-8.874739785260501890e+00
-8.380704464666800746e+00
-8.183090336429319933e+00
-8.726529189082391724e+00
-9.220564509676094644e+00
-8.825336253201133019e+00
-9.245266275705779080e+00
-8.306599166577745663e+00
-8.578318592904281559e+00
-9.319371573794835939e+00
-8.701827423052705512e+00
-8.504213294815226476e+00
-9.393476871883889245e+00
-9.245266275705779080e+00
-8.899441551290188102e+00
-9.220564509676094644e+00
-8.504213294815226476e+00
-8.726529189082391724e+00
-9.121757445557353350e+00
-9.245266275705779080e+00
-8.775932721141762372e+00
-9.220564509676094644e+00
-8.850038019230817454e+00
-8.627722124963650430e+00
-8.677125657023021077e+00
-8.924143317319872537e+00
-9.022950381438613832e+00
-8.751230955112076160e+00
-9.838108660418221518e+00
-8.948845083349556973e+00
-8.356002698637116310e+00
-9.097055679527668914e+00
-8.677125657023021077e+00
-8.874739785260501890e+00
-9.171160977616723997e+00
-9.047652147468298267e+00
-8.479511528785540264e+00
-9.442880403943259893e+00
-8.528915060844910911e+00
-8.775932721141762372e+00
-8.775932721141762372e+00
-8.627722124963650430e+00
-9.146459211587039562e+00
-8.677125657023021077e+00
-8.899441551290188102e+00
-9.220564509676094644e+00
-9.022950381438613832e+00
-8.479511528785540264e+00
-9.047652147468298267e+00
-9.220564509676094644e+00
-9.665196298210425141e+00
-9.541687468062001187e+00
-9.171160977616723997e+00
-9.171160977616723997e+00
-9.121757445557353350e+00
-8.874739785260501890e+00
-8.850038019230817454e+00
-8.998248615408927620e+00
-8.108985038340264850e+00
-8.998248615408927620e+00
-9.220564509676094644e+00
-8.825336253201133019e+00
-8.825336253201133019e+00
-9.245266275705779080e+00
-8.825336253201133019e+00
-8.924143317319872537e+00
-9.245266275705779080e+00
-8.454809762755855829e+00
-9.072353913497984479e+00
-9.220564509676094644e+00
-8.948845083349556973e+00
-8.677125657023021077e+00
-9.121757445557353350e+00
-8.553616826874595347e+00
-9.665196298210425141e+00
-8.652423890993336641e+00
-8.306599166577745663e+00
-8.652423890993336641e+00
-9.146459211587039562e+00
-8.751230955112076160e+00
-8.528915060844910911e+00
-9.393476871883889245e+00
-8.751230955112076160e+00
-8.825336253201133019e+00
-9.739301596299480224e+00
-8.627722124963650430e+00
-9.146459211587039562e+00
-8.652423890993336641e+00
-8.850038019230817454e+00
-9.121757445557353350e+00
