# Averaged over 100 runs
# E_GS: -8.908299431473653
-9.418178637913573681e+00
-8.059581506280892427e+00
-8.775932721141760595e+00
-9.121757445557353350e+00
-8.528915060844910911e+00
-9.294669807765149727e+00
-9.319371573794832386e+00
-8.257195634518375016e+00
-8.430107996726169617e+00
-8.825336253201131242e+00
-8.998248615408927620e+00
-8.257195634518375016e+00
-8.850038019230815678e+00
-9.195862743646408433e+00
-8.652423890993334865e+00
-8.306599166577743887e+00
-8.825336253201131242e+00
-9.022950381438612055e+00
-8.380704464666798970e+00
-9.195862743646408433e+00
-9.541687468061999411e+00
-8.998248615408927620e+00
-8.084283272310578639e+00
-9.022950381438612055e+00
-9.220564509676092868e+00
-9.220564509676092868e+00
-9.541687468061999411e+00
-8.627722124963650430e+00
-8.726529189082391724e+00
-9.171160977616722221e+00
-9.319371573794832386e+00
-9.344073339824518598e+00
-8.627722124963650430e+00
-8.998248615408927620e+00
-8.924143317319870761e+00
-9.319371573794832386e+00
-8.726529189082391724e+00
-8.603020358933965994e+00
-8.726529189082391724e+00
-8.405406230696485181e+00
-8.825336253201131242e+00
-8.356002698637114534e+00
-8.948845083349556973e+00
-8.973546849379241408e+00
-8.627722124963650430e+00
-9.319371573794832386e+00
-8.825336253201131242e+00
-8.899441551290186325e+00
-9.047652147468298267e+00
-8.751230955112076160e+00
-9.022950381438612055e+00
-8.454809762755854052e+00
-8.800634487171446807e+00
-9.022950381438612055e+00
-9.492283936002628764e+00
-9.393476871883887469e+00
-8.800634487171446807e+00
-8.504213294815224700e+00
-8.652423890993334865e+00
-9.072353913497982703e+00
-8.652423890993334865e+00
-8.800634487171446807e+00
-8.627722124963650430e+00
-8.504213294815224700e+00
-9.319371573794832386e+00
-9.492283936002628764e+00
-8.677125657023019301e+00
-8.627722124963650430e+00
-9.516985702032314975e+00
-8.825336253201131242e+00
-8.405406230696485181e+00
-9.368775105854204810e+00
-8.701827423052705512e+00
-9.344073339824518598e+00
-8.281897400548059451e+00
-8.874739785260501890e+00
-8.430107996726169617e+00
-8.751230955112076160e+00
-8.158388570399633721e+00
-9.220564509676092868e+00
-8.973546849379241408e+00
-8.627722124963650430e+00
-9.269968041735463515e+00
-9.294669807765149727e+00
-9.516985702032314975e+00
-9.121757445557353350e+00
-9.319371573794832386e+00
-8.677125657023019301e+00
-8.677125657023019301e+00
-8.751230955112076160e+00
-9.220564509676092868e+00
-8.479511528785540264e+00
-8.528915060844910911e+00
-8.800634487171446807e+00
-9.319371573794832386e+00
-8.726529189082391724e+00
-8.701827423052705512e+00
-8.751230955112076160e+00
-8.059581506280892427e+00
-9.245266275705777304e+00
