# Averaged over 100 runs
# E_GS: -8.90829943147365
-8.133686804369974155e+00
-9.245266275705816383e+00
-8.528915060844941110e+00
-9.492283936002669620e+00
-8.775932721141794346e+00
-8.701827423052737487e+00
-8.627722124963682404e+00
-8.874739785260535641e+00
-9.022950381438647582e+00
-9.245266275705816383e+00
-8.331300932607458520e+00
-8.627722124963682404e+00
-8.948845083349592500e+00
-8.454809762755884250e+00
-9.171160977616761301e+00
-9.195862743646445736e+00
-8.652423890993366840e+00
-8.874739785260535641e+00
-9.492283936002669620e+00
-9.097055679527704442e+00
-9.245266275705816383e+00
-9.344073339824557678e+00
-8.627722124963682404e+00
-9.022950381438647582e+00
-8.306599166577772309e+00
-9.195862743646445736e+00
-8.454809762755884250e+00
-9.294669807765187031e+00
-8.825336253201164993e+00
-9.344073339824557678e+00
-8.528915060844941110e+00
-8.257195634518401661e+00
-9.294669807765187031e+00
-8.603020358933996192e+00
-9.097055679527704442e+00
-8.701827423052737487e+00
-9.121757445557388877e+00
-8.775932721141794346e+00
-9.467582169972985184e+00
-8.306599166577772309e+00
-8.924143317319906288e+00
-9.566389234091726479e+00
-8.775932721141794346e+00
-9.121757445557388877e+00
-9.319371573794871466e+00
-8.874739785260535641e+00
-8.553616826874627321e+00
-8.405406230696513603e+00
-8.874739785260535641e+00
-8.825336253201164993e+00
-9.047652147468333794e+00
-9.022950381438647582e+00
-8.677125657023053051e+00
-8.874739785260535641e+00
-9.319371573794871466e+00
-9.566389234091726479e+00
-8.504213294815254898e+00
-8.874739785260535641e+00
-9.097055679527704442e+00
-8.948845083349592500e+00
-8.356002698637142956e+00
-9.022950381438647582e+00
-8.825336253201164993e+00
-8.998248615408963147e+00
-9.689898064240153985e+00
-9.047652147468333794e+00
-8.948845083349592500e+00
-8.874739785260535641e+00
-9.146459211587075089e+00
-8.356002698637142956e+00
-8.850038019230851205e+00
-9.467582169972985184e+00
-9.220564509676130172e+00
-9.294669807765187031e+00
-8.677125657023053051e+00
-8.874739785260535641e+00
-8.973546849379276935e+00
-9.022950381438647582e+00
-9.269968041735502595e+00
-9.047652147468333794e+00
-8.948845083349592500e+00
-8.504213294815254898e+00
-9.220564509676130172e+00
-8.701827423052737487e+00
-8.874739785260535641e+00
-9.171160977616761301e+00
-8.701827423052737487e+00
-8.677125657023053051e+00
-8.973546849379276935e+00
-9.121757445557388877e+00
-8.924143317319906288e+00
-8.825336253201164993e+00
-9.072353913498018230e+00
-8.874739785260535641e+00
-8.652423890993366840e+00
-8.430107996726199815e+00
-8.899441551290220076e+00
-9.195862743646445736e+00
-9.665196298210467774e+00
-9.195862743646445736e+00
