# Averaged over 100 runs
# E_GS: -66.88129938876607
-6.708173892369241287e+01
-6.337721070631036469e+01
-6.642021602773132827e+01
-6.350951528550257308e+01
-6.866939387399899886e+01
-6.575869313177024367e+01
-6.205416491438819548e+01
-6.761095724046127486e+01
-6.443564733984808868e+01
-6.747865266126905226e+01
-6.827248013642235946e+01
-6.628791144853911987e+01
-6.655252060692355087e+01
-6.628791144853911987e+01
-6.986013508672894545e+01
-6.694943434450019026e+01
-7.078626714107446105e+01
-6.893400303238342985e+01
-6.575869313177024367e+01
-6.933091676996008346e+01
-6.800787097803792847e+01
-6.814017555723013686e+01
-6.575869313177024367e+01
-6.443564733984808868e+01
-6.536177939419360428e+01
-6.298029696873371108e+01
-6.681712976530798187e+01
-6.271568781034928008e+01
-6.893400303238342985e+01
-6.800787097803792847e+01
-6.853708929480679046e+01
-6.549408397338581267e+01
-6.694943434450019026e+01
-6.470025649823251968e+01
-6.615560686934689727e+01
-6.946322134915229185e+01
-7.078626714107446105e+01
-6.800787097803792847e+01
-6.906630761157565246e+01
-6.655252060692355087e+01
-6.721404350288463547e+01
-6.761095724046127486e+01
-6.827248013642235946e+01
-6.787556639884570586e+01
-6.761095724046127486e+01
-6.681712976530798187e+01
-6.562638855257803527e+01
-6.668482518611575927e+01
-6.827248013642235946e+01
-6.562638855257803527e+01
-7.065396256188225266e+01
-6.589099771096246627e+01
-6.668482518611575927e+01
-6.430334276065586607e+01
-6.761095724046127486e+01
-6.866939387399899886e+01
-6.536177939419360428e+01
-6.284799238954149558e+01
-6.694943434450019026e+01
-6.337721070631036469e+01
-6.655252060692355087e+01
-6.602330229015467467e+01
-6.430334276065586607e+01
-6.403873360227143507e+01
-6.496486565661695067e+01
-6.628791144853911987e+01
-6.165725117681154899e+01
-6.814017555723013686e+01
-6.522947481500138167e+01
-6.906630761157565246e+01
-6.734634808207684387e+01
-6.522947481500138167e+01
-6.761095724046127486e+01
-6.814017555723013686e+01
-6.324490612711814208e+01
-6.575869313177024367e+01
-6.880169845319122146e+01
-6.986013508672894545e+01
-6.681712976530798187e+01
-6.483256107742474228e+01
-6.747865266126905226e+01
-6.721404350288463547e+01
-6.880169845319122146e+01
-6.681712976530798187e+01
-6.496486565661695067e+01
-6.761095724046127486e+01
-7.012474424511337645e+01
-6.681712976530798187e+01
-6.919861219076787506e+01
-6.668482518611575927e+01
-6.496486565661695067e+01
-6.774326181965349747e+01
-6.761095724046127486e+01
-6.814017555723013686e+01
-6.536177939419360428e+01
-6.628791144853911987e+01
-7.105087629945889205e+01
-6.893400303238342985e+01
-6.668482518611575927e+01
-6.628791144853911987e+01
