# Averaged over 100 runs
# E_GS: -66.88129938876637
-6.628791144853929040e+01
-6.337721070631052100e+01
-6.827248013642255842e+01
-6.575869313177042841e+01
-6.906630761157585141e+01
-6.390642902307939011e+01
-6.562638855257820580e+01
-6.906630761157585141e+01
-6.522947481500156641e+01
-6.589099771096263680e+01
-6.959552592834472762e+01
-6.933091676996028241e+01
-6.628791144853929040e+01
-6.642021602773151301e+01
-7.065396256188246582e+01
-6.708173892369259761e+01
-6.562638855257820580e+01
-7.144779003703575881e+01
-6.959552592834472762e+01
-6.655252060692373561e+01
-6.787556639884590481e+01
-6.522947481500156641e+01
-6.522947481500156641e+01
-6.642021602773151301e+01
-6.681712976530816661e+01
-6.747865266126925121e+01
-6.575869313177042841e+01
-6.430334276065603660e+01
-6.946322134915250501e+01
-6.364181986469495200e+01
-6.906630761157585141e+01
-6.350951528550273650e+01
-6.708173892369259761e+01
-6.668482518611594401e+01
-6.655252060692373561e+01
-6.509717023580934381e+01
-6.774326181965368221e+01
-6.615560686934708201e+01
-6.522947481500156641e+01
-6.893400303238364302e+01
-6.642021602773151301e+01
-6.959552592834472762e+01
-6.496486565661712120e+01
-6.827248013642255842e+01
-6.761095724046147382e+01
-6.350951528550273650e+01
-6.800787097803811321e+01
-6.377412444388717461e+01
-6.880169845319142041e+01
-6.470025649823269021e+01
-6.840478471561476681e+01
-6.933091676996028241e+01
-6.933091676996028241e+01
-6.708173892369259761e+01
-6.522947481500156641e+01
-6.628791144853929040e+01
-6.655252060692373561e+01
-6.522947481500156641e+01
-6.377412444388717461e+01
-6.522947481500156641e+01
-6.933091676996028241e+01
-6.800787097803811321e+01
-6.708173892369259761e+01
-7.012474424511358961e+01
-6.417103818146382821e+01
-6.536177939419377481e+01
-6.681712976530816661e+01
-6.959552592834472762e+01
-6.628791144853929040e+01
-7.105087629945911942e+01
-6.880169845319142041e+01
-6.536177939419377481e+01
-6.866939387399921202e+01
-6.814017555723033581e+01
-6.893400303238364302e+01
-6.933091676996028241e+01
-6.655252060692373561e+01
-6.549408397338599741e+01
-6.522947481500156641e+01
-7.025704882430581222e+01
-7.065396256188246582e+01
-6.337721070631052100e+01
-6.522947481500156641e+01
-6.575869313177042841e+01
-6.800787097803811321e+01
-6.747865266126925121e+01
-6.919861219076807402e+01
-6.456795191904046760e+01
-6.866939387399921202e+01
-7.012474424511358961e+01
-7.078626714107468842e+01
-6.549408397338599741e+01
-6.483256107742491281e+01
-6.800787097803811321e+01
-6.959552592834472762e+01
-6.747865266126925121e+01
-6.708173892369259761e+01
-7.012474424511358961e+01
-6.509717023580934381e+01
-6.800787097803811321e+01
