# Averaged over 100 runs
# E_GS: -66.88129938876614
-6.536177939419373217e+01
-6.840478471561472418e+01
-7.052165798269020058e+01
-6.430334276065599397e+01
-6.430334276065599397e+01
-6.403873360227156297e+01
-7.144779003703573039e+01
-7.118318087865128518e+01
-6.880169845319137778e+01
-6.443564733984821657e+01
-6.655252060692369298e+01
-6.430334276065599397e+01
-6.853708929480694678e+01
-6.800787097803808479e+01
-6.708173892369255498e+01
-7.025704882430576959e+01
-6.337721070631047837e+01
-6.840478471561472418e+01
-6.959552592834468498e+01
-6.734634808207698597e+01
-6.787556639884586218e+01
-6.787556639884586218e+01
-6.761095724046143118e+01
-6.893400303238360038e+01
-6.668482518611591559e+01
-6.893400303238360038e+01
-6.761095724046143118e+01
-6.562638855257816317e+01
-6.377412444388713197e+01
-6.496486565661707857e+01
-6.562638855257816317e+01
-6.602330229015481677e+01
-6.364181986469490937e+01
-6.933091676996025399e+01
-6.774326181965363958e+01
-6.536177939419373217e+01
-6.721404350288477758e+01
-6.853708929480694678e+01
-6.628791144853926198e+01
-6.986013508672911598e+01
-6.681712976530812398e+01
-6.165725117681165557e+01
-7.038935340349799219e+01
-6.350951528550270098e+01
-7.131548545784350779e+01
-6.774326181965363958e+01
-6.615560686934703938e+01
-6.284799238954160927e+01
-6.694943434450034658e+01
-6.866939387399915518e+01
-6.602330229015481677e+01
-6.522947481500150957e+01
-6.522947481500150957e+01
-6.721404350288477758e+01
-6.840478471561472418e+01
-6.549408397338595478e+01
-6.443564733984821657e+01
-6.840478471561472418e+01
-6.456795191904043918e+01
-6.761095724046143118e+01
-6.456795191904043918e+01
-6.152494659761944007e+01
-6.946322134915246238e+01
-6.496486565661707857e+01
-6.694943434450034658e+01
-6.972783050753690759e+01
-6.708173892369255498e+01
-6.483256107742487018e+01
-6.800787097803808479e+01
-6.708173892369255498e+01
-6.721404350288477758e+01
-6.324490612711826287e+01
-6.774326181965363958e+01
-6.575869313177038578e+01
-6.575869313177038578e+01
-6.655252060692369298e+01
-6.708173892369255498e+01
-6.721404350288477758e+01
-6.972783050753690759e+01
-7.171239919542016139e+01
-6.642021602773147038e+01
-6.655252060692369298e+01
-6.681712976530812398e+01
-6.549408397338595478e+01
-6.800787097803808479e+01
-6.787556639884586218e+01
-6.919861219076803138e+01
-6.787556639884586218e+01
-6.853708929480694678e+01
-6.430334276065599397e+01
-6.774326181965363958e+01
-6.350951528550270098e+01
-6.549408397338595478e+01
-6.734634808207698597e+01
-6.800787097803808479e+01
-6.866939387399915518e+01
-6.827248013642251578e+01
-6.959552592834468498e+01
-6.628791144853926198e+01
-6.906630761157580878e+01
